813286 110116.125
19058681 107491.234
428333 102358.31
15846407 92274.85
16409683 75633.72
19397785 69680.89
17461978 67612.484
16190898 58043.117
15485441 56857.043
783214 56214.965
18220175 54590.12
16727535 54057.547
19554706 52079.46
19329393 51047.188
807095 47030.594
15439395 40784.125
657863 40513.742
20 39156.508
14075928 39053.89
18498684 38843.945
25365536 36747.367
17919972 34033.832
17220934 32827.24
18863815 32650.22
19637934 31431.068
22685200 28804.764
6273552 28775.525
17074440 28393.67
5741722 27638.312
15224867 27589.865
16264006 27003.174
972651 26898.875
18222378 26768.85
13 26640.135
21324258 25807.508
20536157 25761.807
21879024 25337.623
14293310 24905.158
14515734 24764.611
16998020 24695.732
16827333 24477.229
19877186 23694.947
16129920 23648.873
14522546 23076.057
26885308 22418.111
19394188 22224.73
1183041 21968.16
21447363 21781.03
