#doc name topic proportion ...
0	file:/home/cosmos/Desktop/IRE%20Major/mallet-2.0.7/Tweets/iamdiddy.txt	7	0.7309570957095709	1	0.06244224422442244	8	0.05122112211221122	3	0.04976897689768977	6	0.03392739273927393	2	0.032211221122112214	5	0.016237623762376238	9	0.013201320132013201	0	0.008052805280528054	4	0.0019801980198019802	
1	file:/home/cosmos/Desktop/IRE%20Major/mallet-2.0.7/Tweets/rainnwilson.txt	1	0.2722191168250419	2	0.1878144214645053	8	0.1335941866964785	9	0.08664058133035216	6	0.0737842370039128	3	0.06484069312465064	7	0.05813303521520403	4	0.048071548351034096	5	0.042481833426495245	0	0.03242034656232532	
2	file:/home/cosmos/Desktop/IRE%20Major/mallet-2.0.7/Tweets/katyperry.txt	1	0.4975642760487145	6	0.14519621109607578	3	0.10094722598105547	8	0.07591339648173207	7	0.07510148849797023	2	0.05006765899864682	9	0.02625169147496617	5	0.010960757780784845	0	0.010825439783491205	4	0.007171853856562923	
3	file:/home/cosmos/Desktop/IRE%20Major/mallet-2.0.7/Tweets/petewentz.txt	1	0.2868217054263566	7	0.1343669250645995	2	0.12833763996554695	8	0.11369509043927649	3	0.10422049956933678	6	0.09302325581395349	0	0.0714900947459087	4	0.031007751937984496	5	0.018949181739879414	9	0.01808785529715762	
4	file:/home/cosmos/Desktop/IRE%20Major/mallet-2.0.7/Tweets/aplusk.txt	3	0.29497404734776556	2	0.20989998734016965	1	0.1448284592986454	8	0.08292188884668945	6	0.0819091024180276	4	0.06646410938093429	9	0.04937333839726547	7	0.031269780984934804	5	0.020762121787568047	0	0.017597164197999747	
5	file:/home/cosmos/Desktop/IRE%20Major/mallet-2.0.7/Tweets/mashable.txt	6	0.3247706422018349	4	0.17481234361968306	2	0.12760633861551293	5	0.10158465387823186	3	0.09791492910758966	1	0.04837364470391994	9	0.046538782318598836	0	0.03502919099249374	8	0.02335279399499583	7	0.020016680567139282	
6	file:/home/cosmos/Desktop/IRE%20Major/mallet-2.0.7/Tweets/SHAQ.txt	7	0.5709919422061683	8	0.10711308696860239	1	0.09849958321756043	2	0.06960266740761323	3	0.059183106418449566	6	0.051681022506251735	0	0.011947763267574326	9	0.01180883578771881	5	0.010975270908585718	4	0.00819672131147541	
7	file:/home/cosmos/Desktop/IRE%20Major/mallet-2.0.7/Tweets/britneyspears.txt	1	0.34011230839277584	9	0.245257246926696	7	0.21763545302777357	6	0.07694642586128396	3	0.050994081044164516	2	0.030657155865837	8	0.025648808620427985	5	0.004704811048717559	0	0.004401274852026104	4	0.0036424343602974654	
8	file:/home/cosmos/Desktop/IRE%20Major/mallet-2.0.7/Tweets/TechCrunch.txt	4	0.7455357142857143	2	0.08863467261904762	3	0.037109375	5	0.026041666666666668	1	0.023995535714285716	8	0.022600446428571428	6	0.01953125	9	0.01906622023809524	0	0.011997767857142858	7	0.00548735119047619	
9	file:/home/cosmos/Desktop/IRE%20Major/mallet-2.0.7/Tweets/biz.txt	3	0.3662520417137831	2	0.219248649327805	1	0.1364493026762156	8	0.07425555974368639	0	0.04925241864555849	4	0.04573438874230431	5	0.037441889684633745	6	0.030405829878125394	9	0.02148511119487373	7	0.019474808393014197	
10	file:/home/cosmos/Desktop/IRE%20Major/mallet-2.0.7/Tweets/PerezHilton.txt	4	0.4317528735632184	1	0.20402298850574713	6	0.10314039408866996	2	0.06639983579638752	7	0.05593185550082102	8	0.03499589490968801	3	0.0339696223316913	5	0.03345648604269294	9	0.023091133004926108	0	0.013238916256157635	
11	file:/home/cosmos/Desktop/IRE%20Major/mallet-2.0.7/Tweets/chelseahandler.txt	1	0.30218446601941745	6	0.20145631067961164	3	0.12864077669902912	2	0.12378640776699029	7	0.05703883495145631	5	0.050970873786407765	9	0.04247572815533981	8	0.038834951456310676	0	0.02912621359223301	4	0.025485436893203883	
12	file:/home/cosmos/Desktop/IRE%20Major/mallet-2.0.7/Tweets/drdrew.txt	1	0.4335560504825538	8	0.2056421677802524	2	0.08982925018559762	3	0.07646622123236822	6	0.04899777282850779	5	0.047512991833704527	9	0.041573867854491464	4	0.0200445434298441	0	0.01855976243504083	7	0.017817371937639197	
13	file:/home/cosmos/Desktop/IRE%20Major/mallet-2.0.7/Tweets/MarthaStewart.txt	1	0.30642633228840127	2	0.26253918495297807	7	0.18887147335423196	3	0.07523510971786834	6	0.045454545454545456	9	0.032915360501567396	4	0.02821316614420063	8	0.0274294670846395	5	0.019592476489028215	0	0.013322884012539185	
14	file:/home/cosmos/Desktop/IRE%20Major/mallet-2.0.7/Tweets/DaneCook.txt	1	0.38287432731877175	2	0.20528648306426084	8	0.12503956948401393	7	0.07613168724279835	6	0.055238999683444125	3	0.05286483064260842	9	0.044317822095599875	5	0.03624564735675847	4	0.015194681861348529	0	0.006805951250395695	
15	file:/home/cosmos/Desktop/IRE%20Major/mallet-2.0.7/Tweets/kevinrose.txt	2	0.21975909789851358	4	0.21488980010251152	1	0.16491542798564837	3	0.13557150179395183	7	0.09443874935930292	8	0.08662224500256278	5	0.034725781650435675	6	0.03229113275243465	9	0.013582778062532035	0	0.003203485392106612	
16	file:/home/cosmos/Desktop/IRE%20Major/mallet-2.0.7/Tweets/ashleesimpson.txt	1	0.3290218270008084	7	0.31608730800323365	8	0.07275666936135812	2	0.07033144704931285	3	0.06992724333063864	6	0.0646725949878739	9	0.034761519805982216	4	0.021827000808407437	0	0.01333872271624899	5	0.007275666936135812	
17	file:/home/cosmos/Desktop/IRE%20Major/mallet-2.0.7/Tweets/cnnbrk.txt	5	0.7213396741879996	2	0.11140342001416574	9	0.04148537893352221	3	0.033896590104219367	4	0.023980572700596985	1	0.023171101892138016	0	0.015379945360720428	8	0.01386218759485986	6	0.013052716786400891	7	0.00242841242537691	
18	file:/home/cosmos/Desktop/IRE%20Major/mallet-2.0.7/Tweets/lancearmstrong.txt	8	0.43608374384236454	2	0.22019704433497536	1	0.16009852216748768	3	0.0603448275862069	5	0.041995073891625614	6	0.03411330049261084	9	0.019334975369458128	4	0.011083743842364532	7	0.01083743842364532	0	0.005911330049261084	
19	file:/home/cosmos/Desktop/IRE%20Major/mallet-2.0.7/Tweets/MCHammer.txt	3	0.3705357142857143	1	0.21160714285714285	8	0.11517857142857142	2	0.08482142857142858	7	0.07410714285714286	6	0.04285714285714286	5	0.03571428571428571	0	0.02857142857142857	4	0.019642857142857142	9	0.016964285714285713	
20	file:/home/cosmos/Desktop/IRE%20Major/mallet-2.0.7/Tweets/kingsthings.txt	0	0.6013838395684297	1	0.09299870998006333	3	0.08314764864547906	2	0.06801923302451038	6	0.04843438489503929	8	0.037762401782573	7	0.026269496892224697	5	0.024862202415855517	9	0.014190219303389234	4	0.002931863492435792	
21	file:/home/cosmos/Desktop/IRE%20Major/mallet-2.0.7/Tweets/wilw.txt	1	0.2810615199034982	2	0.19662243667068757	6	0.16284680337756333	3	0.11338962605548854	8	0.07478890229191798	9	0.04342581423401689	7	0.038600723763570564	5	0.031363088057901084	0	0.031363088057901084	4	0.026537997587454766	
22	file:/home/cosmos/Desktop/IRE%20Major/mallet-2.0.7/Tweets/BarackObama.txt	9	0.8382826475849732	2	0.05652951699463327	1	0.04090638044126416	5	0.018604651162790697	8	0.013834227787716159	3	0.0110912343470483	6	0.007036374478234944	4	0.006320810971973762	7	0.003935599284436494	0	0.0034585569469290397	
23	file:/home/cosmos/Desktop/IRE%20Major/mallet-2.0.7/Tweets/justdemi.txt	1	0.3708510393935914	9	0.21442517514643392	2	0.1427586998966349	8	0.10302055817158608	3	0.06110026415527736	6	0.035373837142529	5	0.022970024118525324	7	0.02101757206845067	0	0.014815665556448834	4	0.013667164350522568	
24	file:/home/cosmos/Desktop/IRE%20Major/mallet-2.0.7/Tweets/ev.txt	2	0.2751366120218579	1	0.2448087431693989	3	0.23497267759562843	8	0.06147540983606557	4	0.051775956284153005	5	0.04494535519125683	9	0.03715846994535519	6	0.02745901639344262	0	0.013524590163934426	7	0.008743169398907104	
25	file:/home/cosmos/Desktop/IRE%20Major/mallet-2.0.7/Tweets/TIME.txt	5	0.25748502994011974	6	0.25449101796407186	2	0.13373253493013973	4	0.10379241516966067	9	0.06487025948103792	0	0.05289421157684631	8	0.046906187624750496	1	0.04590818363273453	3	0.020958083832335328	7	0.018962075848303395	
26	file:/home/cosmos/Desktop/IRE%20Major/mallet-2.0.7/Tweets/KimKardashian.txt	3	0.4393364262617742	7	0.24996485308589905	1	0.17798397300716998	2	0.034162800506115566	8	0.03247574862927035	6	0.02516519049627443	4	0.01869815830170111	9	0.013496415014761703	5	0.004358217348516801	0	0.004358217348516801	
27	file:/home/cosmos/Desktop/IRE%20Major/mallet-2.0.7/Tweets/TheEllenShow.txt	1	0.4175352544451257	9	0.156591048436542	7	0.09944819129368486	2	0.08877988963825874	0	0.07553648068669527	3	0.06805640711220111	6	0.04034334763948498	8	0.03237277743715512	4	0.01201716738197425	5	0.00931943592887799	
28	file:/home/cosmos/Desktop/IRE%20Major/mallet-2.0.7/Tweets/tonyhawk.txt	7	0.2755364806866953	8	0.22832618025751072	1	0.12103004291845494	2	0.0815450643776824	3	0.05751072961373391	5	0.054935622317596564	0	0.048927038626609444	6	0.0463519313304721	9	0.045493562231759654	4	0.04034334763948498	
29	file:/home/cosmos/Desktop/IRE%20Major/mallet-2.0.7/Tweets/coldplay.txt	6	0.7054144998470481	1	0.09228102375853982	8	0.06780870806566738	3	0.057306005914142956	2	0.039257673090649536	7	0.015295197308045273	5	0.011216478025899868	4	0.004894463138574488	0	0.0037728153359845007	9	0.0027531355154481493	
30	file:/home/cosmos/Desktop/IRE%20Major/mallet-2.0.7/Tweets/andersoncooper.txt	5	0.6326344576116681	2	0.13855970829535097	1	0.09469006381039198	8	0.03714676390154968	9	0.026891522333637192	6	0.023587055606198722	3	0.014699179580674567	7	0.014015496809480402	0	0.012192342752962625	4	0.005583409298085688	
31	file:/home/cosmos/Desktop/IRE%20Major/mallet-2.0.7/Tweets/SenJohnMcCain.txt	5	0.666199595204733	2	0.14315740308267164	6	0.04390471742176553	9	0.04032383621360735	1	0.03067102600031138	3	0.029892573563755253	8	0.02475478748248482	0	0.009652810213295967	4	0.006461155223415849	7	0.004982095593959209	
32	file:/home/cosmos/Desktop/IRE%20Major/mallet-2.0.7/Tweets/maddow.txt	2	0.3561765358172544	5	0.29917941893989797	1	0.0890441339543136	9	0.07096917276557996	0	0.0433577289864715	3	0.04058549567531603	6	0.04014193834553116	8	0.037147926369483254	4	0.013861166555777335	7	0.009536482590374805	
33	file:/home/cosmos/Desktop/IRE%20Major/mallet-2.0.7/Tweets/algore.txt	2	0.26210607225211374	8	0.16295157571099156	5	0.14681014604150652	9	0.1083781706379708	3	0.1083781706379708	4	0.08685626441199078	6	0.053036126056879324	1	0.034588777863182166	0	0.026133743274404306	7	0.010760953112990008	
34	file:/home/cosmos/Desktop/IRE%20Major/mallet-2.0.7/Tweets/nprpolitics.txt	0	0.32483302975106254	5	0.22574377656344868	9	0.18554948391013965	2	0.14292653309046752	8	0.029265330904675167	4	0.02525804493017608	1	0.024893746205221615	3	0.019793564055859136	6	0.017122040072859744	7	0.00461445051608986	
35	file:/home/cosmos/Desktop/IRE%20Major/mallet-2.0.7/Tweets/lilyallen.txt	7	0.3125	6	0.26676829268292684	1	0.14329268292682926	8	0.07774390243902439	3	0.05945121951219512	2	0.042682926829268296	5	0.0350609756097561	4	0.024390243902439025	9	0.019817073170731708	0	0.018292682926829267	
36	file:/home/cosmos/Desktop/IRE%20Major/mallet-2.0.7/Tweets/wefollow.txt	7	0.38132295719844356	2	0.1893644617380026	3	0.1880674448767834	1	0.055771725032425425	8	0.05058365758754864	4	0.040207522697795074	6	0.03372243839169909	5	0.027237354085603113	9	0.02204928664072633	0	0.011673151750972763	
37	file:/home/cosmos/Desktop/IRE%20Major/mallet-2.0.7/Tweets/Oprah.txt	0	0.39167705735660846	1	0.2509351620947631	2	0.17160224438902744	8	0.05314837905236908	3	0.048316708229426436	7	0.03538029925187033	6	0.021664588528678305	9	0.017144638403990026	5	0.00763715710723192	4	0.0024937655860349127	
38	file:/home/cosmos/Desktop/IRE%20Major/mallet-2.0.7/Tweets/NotTinaFey.txt	1	0.33164556962025316	2	0.18734177215189873	8	0.09873417721518987	9	0.0810126582278481	4	0.06582278481012659	3	0.06329113924050633	6	0.060759493670886074	7	0.053164556962025315	5	0.035443037974683546	0	0.02278481012658228	
39	file:/home/cosmos/Desktop/IRE%20Major/mallet-2.0.7/Tweets/souljaboy.txt	3	0.5381114903299203	7	0.15813424345847554	8	0.09670079635949944	6	0.07394766780432309	1	0.03981797497155859	4	0.02502844141069397	9	0.022753128555176336	2	0.02161547212741752	5	0.013651877133105802	0	0.010238907849829351	
40	file:/home/cosmos/Desktop/IRE%20Major/mallet-2.0.7/Tweets/GStephanopoulos.txt	5	0.5274261603375527	2	0.11286919831223628	1	0.07383966244725738	8	0.06434599156118144	9	0.060126582278481014	0	0.049578059071729956	3	0.04008438818565401	7	0.027426160337552744	6	0.026371308016877638	4	0.017932489451476793	
41	file:/home/cosmos/Desktop/IRE%20Major/mallet-2.0.7/Tweets/RyanSeacrest.txt	9	0.2858356940509915	1	0.23781869688385268	7	0.17308781869688386	3	0.10184135977337111	2	0.07847025495750708	8	0.0584985835694051	6	0.03781869688385269	0	0.014447592067988669	4	0.006657223796033994	5	0.005524079320113315	
42	file:/home/cosmos/Desktop/IRE%20Major/mallet-2.0.7/Tweets/50cent.txt	8	0.7158245704026673	7	0.1115670684790972	1	0.0842523724031803	2	0.03218774044626827	3	0.028981790202616056	6	0.011926134906386252	9	0.004488330341113106	4	0.004488330341113106	5	0.0043600923313670175	0	0.001923570146191331	
43	file:/home/cosmos/Desktop/IRE%20Major/mallet-2.0.7/Tweets/google.txt	2	0.4064748201438849	3	0.15323741007194244	1	0.10431654676258993	4	0.0841726618705036	6	0.06474820143884892	9	0.05539568345323741	7	0.03597122302158273	8	0.03525179856115108	0	0.03237410071942446	5	0.02805755395683453	
44	file:/home/cosmos/Desktop/IRE%20Major/mallet-2.0.7/Tweets/jimmyfallon.txt	7	0.5256736827993028	1	0.18434106448585602	2	0.09451669124547527	6	0.06435178978415337	8	0.0407561335299638	3	0.03244402734951066	5	0.01930553693524601	9	0.01689234481834026	0	0.013942887786566565	4	0.007775841265585199	
45	file:/home/cosmos/Desktop/IRE%20Major/mallet-2.0.7/Tweets/twitter.txt	3	0.6597427346355408	2	0.1067174845164364	1	0.07203430204859457	5	0.050976655550262026	6	0.03049070986183897	9	0.027155788470700333	8	0.018199142448785136	4	0.01743687470223916	0	0.010004764173415913	7	0.007241543592186756	
46	file:/home/cosmos/Desktop/IRE%20Major/mallet-2.0.7/Tweets/taylorswift13.txt	3	0.3310181969718016	1	0.2664258924850674	6	0.17530212529517988	7	0.10640366717599667	2	0.046673149048478954	8	0.035838310876510626	9	0.013613001805806362	5	0.011668287262119739	4	0.00750104181136269	0	0.005556327267676066	
47	file:/home/cosmos/Desktop/IRE%20Major/mallet-2.0.7/Tweets/nytimes.txt	0	0.5079529737206085	5	0.16839557399723376	2	0.11330106039649608	4	0.058782849239280774	9	0.05739972337482711	8	0.030774550484094054	1	0.02501152604887045	6	0.018441678192715538	3	0.0169432918395574	7	0.002996772706316275	
48	file:/home/cosmos/Desktop/IRE%20Major/mallet-2.0.7/Tweets/TheOnion.txt	4	0.4686669619131975	2	0.14072187776793624	1	0.09643489813994685	9	0.07440212577502214	5	0.06631975199291408	8	0.04971213463241807	3	0.04738706820194863	6	0.038529672276350756	0	0.010628875110717449	7	0.007196634189548272	
49	file:/home/cosmos/Desktop/IRE%20Major/mallet-2.0.7/Tweets/stephenfry.txt	6	0.35847893114080165	2	0.18828365878725592	8	0.12846865364850976	1	0.12189105858170607	3	0.09003083247687564	5	0.0408016443987667	9	0.040184994861253855	0	0.014285714285714285	4	0.010380267214799588	7	0.007194244604316547	
